Ref,Spider,Name,Address,City,State,Zipcode,Country,Phone,Website,Hours,Brand,WikiData
,visa,,,NAKAHARA-KU KAWASAKI-SHI KANAGAWA,,,JP,,,,,
,visa,,,KANAGAWA,,,JP,,,,,
