Ref,Spider,Name,Address,City,State,Zipcode,Country,Phone,Website,Hours,Brand,WikiData
91e09b66f8b44f03a8547d344c133a6a,western_union,SUPER 1 STORE NO.604,,Natchitoches,LA,,US,+1 318-214-0050,https://location.westernunion.com/us/la/natchitoches/91e09b66f8b44f03a8547d344c133a6a,Mo-Su 08:00-18:30,Western Union,Q861042
