Ref,Spider,Name,Address,City,State,Zipcode,Country,Phone,Website,Hours,Brand,WikiData
,visa,,,AINAY LE CHATEAU,,,FR,,,,,
,visa,,,AINAY LE CHATEAU,,,FR,,,,,
